460
5594
5595
5721
5944
5946
5947
5990
5991
5993
5994
5995
5996
5997
5998
5999
6000
6002
6004
6005
6006
6007
6010
6011
6012
6013
6014
6017
6018
6019
6020
6021
6022
6036
6037
6307
6310
6311
6312
6313
6314
6315
6316
6318
6319
6321
6322
6323
6324
6325
6326
6327
6338
6340
6342
6343
6348
6353
6354
6356
6361
6362
6363
6364
6366
6369
6370
6371
6373
6374
6375
6376
6377
6378
6379
6380
6381
6384
6386
6387
6388
6389
6390
6391
6396
6397
6398
6399
6400
6401
6403
6404
6405
6406
6408
6409
6410
6411
6413
6414
6415
6416
6417
6418
6419
6421
6422
6423
6424
6425
6426
6427
6428
6430
6431
6432
6434
6435
6436
6437
6438
6439
6446
6447
6448
7338
7359
7372
7373
7375
7376
7378
7384
7385
7386
7387
7389
7390
7391
7392
7394
7395
7396
7397
7398
7399
7401
7402
7403
7404
7405
7407
7408
7409
7410
7411
7412
7415
7417
7418
7419
7420
7421
7422
7424
7425
7426
7427
7428
7429
7430
7431
7432
7434
7435
7436
7437
7438
7439
7440
7441
7442
7443
7444
7445
7448
7449
7450
7451
7452
7453
7454
7455
7456
7457
7458
7460
7461
7463
7465
7467
7468
7469
7471
7472
7474
7476
7477
7478
7479
7480
7481
7482
7483
7484
7486
7487
7489
7490
7491
7493
7494
7498
7501
7502
7503
7504
7505
7518
7519
7521
8196
8197
8198
8200
8202
8203
8205
8206
8207
8208
8209
8210
8211
8212
8213
8214
8215
8216
8217
8218
8219
8220
8221
8222
8223
8224
8225
8227
8228
8229
8230
8233
8234
8235
8236
8237
8238
8239
8240
8241
8242
8243
8245
8246
8247
8248
8250
8251
8252
8254
8255
8257
8258
8259
8260
8261
8263
8264
8265
8266
8267
8268
8269
8271
8272
8273
8274
8275
8276
8277
8278
8279
8280
8281
8282
8283
8285
8286
8287
8290
8292
8293
8294
8295
8296
8297
8299
8300
8302
8304
8305
8306
8307
8308
8309
8311
8312
8374
8376
8377
8378
8379
8380
8381
8382
8383
8385
8388
8390
8391
8392
8394
8395
8396
8397
8398
8402
8406
8407
8408
8588
8590
8591
8593
8594
8595
8596
8597
8599
8600
8601
9225
9226
9227
9228
9229
9231
9232
9233
9234
9235
9237
9239
9240
9241
9242
9243
9244
9246
9247
9253
9255
9256
9257
9258
9259
9260
9261
9262
9263
9264
9265
9266
9267
9269
9270
9271
9272
9273
9274
9275
9276
9277
9278
9279
9280
9281
9283
9284
9285
9286
9288
9289
9290
9391
9394
9395
9396
9398
9399
9400
9401
9402
9403
9404
9405
9406
9413
9459
9461
9462
9463
9464
9465
9466
9467
9468
9490
9491
9493
9494
9495
9498
9499
9501
9976
9977
9978
9980
9981
9982
9983
9984
9985
9986
9987
9988
9989
9990
9991
